1.400000000000000029e-02 3.387001925999999941e+01 3.109999999999999917e-02
1.940000000000000058e-02 3.452796035069999903e+01 2.645000000000000129e-02
2.639999999999999986e-02 3.523410231700000139e+01 2.309999999999999901e-02
3.289999999999999869e-02 3.572178295580000196e+01 2.350000000000000006e-02
3.960000000000000325e-02 3.613641895599999998e+01 2.844999999999999959e-02
4.750000000000000056e-02 3.653464399060000289e+01 3.339999999999999913e-02
5.600000000000000117e-02 3.687584596220000321e+01 3.214999999999999802e-02
6.400000000000000133e-02 3.721045435010000091e+01 4.390000000000000152e-02
7.209999999999999742e-02 3.747800745890000229e+01 3.864999999999999686e-02
8.110000000000000542e-02 3.785438557640000568e+01 4.225000000000000283e-02
8.890000000000000679e-02 3.800065540370000150e+01 3.635000000000000037e-02
1.000999999999999945e-01 3.833882424280000123e+01 3.515000000000000069e-02
1.071000000000000008e-01 3.847201853530000193e+01 3.355000000000000343e-02
1.194999999999999951e-01 3.867112951520000053e+01 2.599999999999999881e-02
1.277999999999999969e-01 3.885550262379999964e+01 2.634999999999999842e-02
1.396000000000000019e-01 3.911859307659999985e+01 2.334999999999999923e-02
1.519000000000000072e-01 3.924450251960000458e+01 2.369999999999999885e-02
1.635000000000000064e-01 3.936425376020000044e+01 2.585000000000000145e-02
1.778000000000000136e-01 3.963890089230000058e+01 1.965000000000000080e-02
1.905999999999999917e-01 3.980474561369999975e+01 2.205000000000000016e-02
2.066999999999999948e-01 3.998540079949999893e+01 2.139999999999999888e-02
2.215999999999999914e-01 4.016103225070000349e+01 2.330000000000000127e-02
2.404999999999999916e-01 4.035184400510000557e+01 2.220000000000000098e-02
2.558000000000000274e-01 4.050379307190000588e+01 2.025000000000000064e-02
2.762000000000000011e-01 4.066361377660000187e+01 2.210000000000000159e-02
2.972000000000000197e-01 4.087900143339999914e+01 2.160000000000000114e-02
3.215000000000000080e-01 4.111327727900000184e+01 2.139999999999999888e-02
3.452999999999999958e-01 4.126657510239999738e+01 2.340000000000000066e-02
3.708000000000000185e-01 4.144289400559999592e+01 2.145000000000000032e-02
4.048999999999999821e-01 4.167991924080000388e+01 3.225000000000000089e-02
4.354999999999999982e-01 4.185792725259999969e+01 2.539999999999999897e-02
4.737999999999999989e-01 4.209737664200000040e+01 2.935000000000000109e-02
5.173999999999999710e-01 4.230115944479999968e+01 2.684999999999999887e-02
5.742000000000000437e-01 4.260043450260000242e+01 2.450000000000000094e-02
6.299000000000000155e-01 4.280362803239999892e+01 3.099999999999999978e-02
7.239999999999999769e-01 4.316662930390000241e+01 2.699999999999999969e-02
8.209999999999999520e-01 4.354455197949999956e+01 2.479999999999999913e-02
9.510999999999999455e-01 4.394113237070000366e+01 2.759999999999999953e-02
1.233600000000000030e+00 4.460399401909999995e+01 5.634999999999999731e-02
1.612300000000000066e+00 4.522597291070000125e+01 7.349999999999999589e-02
